[gd_scene load_steps=12 format=3 uid="uid://pgxacq45b36s"]

[ext_resource type="PackedScene" uid="uid://dxnglfeefbept" path="res://environment.tscn" id="1_m761n"]
[ext_resource type="PackedScene" uid="uid://2dxtgyrw5n5m" path="res://Utils/pixel_art_edges_effect.tscn" id="2_6r2j2"]
[ext_resource type="PackedScene" uid="uid://cwwigoboexg6b" path="res://orbitCamera.tscn" id="3_ehmxi"]
[ext_resource type="Texture2D" uid="uid://dpvd1simt8xs" path="res://Textures/checker.png" id="3_yhnw3"]
[ext_resource type="PackedScene" uid="uid://cxpl20rx43f8o" path="res://Props/crystal.tscn" id="4_ipxkq"]
[ext_resource type="PackedScene" uid="uid://33kxt0dop68y" path="res://directional_light.tscn" id="5_mwwbs"]

[sub_resource type="StandardMaterial3D" id="StandardMaterial3D_m6aih"]
albedo_texture = ExtResource("3_yhnw3")
uv1_scale = Vector3(4.5, 3, 1)
texture_filter = 0

[sub_resource type="BoxMesh" id="BoxMesh_1y6nh"]
material = SubResource("StandardMaterial3D_m6aih")
size = Vector3(0.4, 0.4, 0.4)

[sub_resource type="BoxMesh" id="BoxMesh_numww"]
material = SubResource("StandardMaterial3D_m6aih")
size = Vector3(0.5, 0.5, 0.5)

[sub_resource type="StandardMaterial3D" id="StandardMaterial3D_fq5kv"]
albedo_texture = ExtResource("3_yhnw3")
uv1_scale = Vector3(3, 3, 1)
texture_filter = 0

[sub_resource type="PlaneMesh" id="PlaneMesh_7wyhn"]
material = SubResource("StandardMaterial3D_fq5kv")

[node name="Node3D" type="Node3D"]

[node name="Environment" parent="." instance=ExtResource("1_m761n")]

[node name="PixelArtEdgesEffect" parent="." instance=ExtResource("2_6r2j2")]

[node name="Orbit" parent="." instance=ExtResource("3_ehmxi")]

[node name="Box1" type="MeshInstance3D" parent="."]
transform = Transform3D(0.707107, 0, 0.707107, 0, 1, 0, -0.707107, 0, 0.707107, 0, 0.2, 0)
mesh = SubResource("BoxMesh_1y6nh")

[node name="Box2" type="MeshInstance3D" parent="."]
transform = Transform3D(0.707107, 0, 0.707107, 0, 1, 0, -0.707107, 0, 0.707107, -0.5, 0.25, -0.5)
mesh = SubResource("BoxMesh_numww")

[node name="Plane" type="MeshInstance3D" parent="."]
mesh = SubResource("PlaneMesh_7wyhn")

[node name="Crystal" parent="." instance=ExtResource("4_ipxkq")]

[node name="DirectionalLight" parent="." instance=ExtResource("5_mwwbs")]

[node name="SpotLight" type="SpotLight3D" parent="."]
transform = Transform3D(-4.37114e-08, -0.707107, 0.707107, 0, 0.707107, 0.707107, -1, 3.09086e-08, -3.09086e-08, 2, 2, 0)
light_color = Color(1, 0.72549, 0, 1)
shadow_enabled = true
spot_range = 10.0
spot_attenuation = 0.75
spot_angle = 11.25
spot_angle_attenuation = 0.02
